<?xml version="1.0" encoding="UTF-8" standalone="no" ?>
<COLLADA xmlns="http://www.collada.org/2005/11/COLLADASchema" version="1.4.1">
    <asset>
        <contributor>
            <authoring_tool>SketchUp 17.0.1</authoring_tool>
        </contributor>
        <created>2017-12-16T04:23:50Z</created>
        <modified>2017-12-16T04:23:50Z</modified>
        <unit meter="0.0254" name="inch" />
        <up_axis>Z_UP</up_axis>
    </asset>
    <library_cameras>
        <camera id="ID1" name="skp_camera_Last_Saved_SketchUp_View">
            <optics>
                <technique_common>
                    <perspective>
                        <yfov>35</yfov>
                        <aspect_ratio>0</aspect_ratio>
                        <znear>1</znear>
                        <zfar>1000</zfar>
                    </perspective>
                </technique_common>
            </optics>
        </camera>
    </library_cameras>
    <library_visual_scenes>
        <visual_scene id="ID2">
            <node name="SketchUp">
                <node name="skp_camera_Last_Saved_SketchUp_View">
                    <matrix>0.9763041 0.1311947 -0.1720998 -19.81855 -0.2164033 0.5918853 -0.7764286 -102.1342 2.775558e-17 0.7952734 0.6062509 109.3065 0 0 0 1</matrix>
                    <instance_camera url="#ID1" />
                </node>
                <node id="ID3" name="instance_0">
                    <matrix>0.8666817 0 0 -37.25238 0 0.815955 0 7.916778 0 0 0.892641 1.336932 0 0 0 1</matrix>
                    <instance_node url="#ID4" />
                </node>
            </node>
        </visual_scene>
    </library_visual_scenes>
    <library_nodes>
        <node id="ID4" name="sofá3">
            <instance_geometry url="#ID711">
                <bind_material>
                    <technique_common>
                        <instance_material symbol="Material2" target="#ID17">
                            <bind_vertex_input semantic="UVSET0" input_semantic="TEXCOORD" input_set="0" />
                        </instance_material>
                        <instance_material symbol="Material3" target="#ID712">
                            <bind_vertex_input semantic="UVSET0" input_semantic="TEXCOORD" input_set="0" />
                        </instance_material>
                    </technique_common>
                </bind_material>
            </instance_geometry>
            <node id="ID5" name="instance_1">
                <matrix>1 4.428101e-29 -1.577722e-28 44.12292 -1.630646e-28 0.1736482 -0.9848078 33.26028 -1.621143e-29 0.9848078 0.1736482 22.74592 0 0 0 1</matrix>
                <instance_node url="#ID6" />
            </node>
            <node id="ID22" name="instance_2">
                <matrix>1 4.428101e-29 -1.577722e-28 82.546 -1.630646e-28 0.1736482 -0.9848078 33.26028 -1.621143e-29 0.9848078 0.1736482 22.74592 0 0 0 1</matrix>
                <instance_node url="#ID6" />
            </node>
            <node id="ID23" name="instance_3">
                <matrix>1 4.428101e-29 -1.577722e-28 21.06908 -1.630646e-28 0.1736482 -0.9848078 33.26028 -1.621143e-29 0.9848078 0.1736482 22.74592 0 0 0 1</matrix>
                <instance_node url="#ID6" />
            </node>
            <node id="ID24" name="instance_4">
                <matrix>1 4.428101e-29 -1.577722e-28 67.17677 -1.630646e-28 0.1736482 -0.9848078 33.26028 -1.621143e-29 0.9848078 0.1736482 22.74592 0 0 0 1</matrix>
                <instance_node url="#ID6" />
            </node>
            <node id="ID25" name="instance_5">
                <matrix>1 4.428101e-29 -1.577722e-28 59.49215 -1.630646e-28 0.1736482 -0.9848078 33.26028 -1.621143e-29 0.9848078 0.1736482 22.74592 0 0 0 1</matrix>
                <instance_node url="#ID6" />
            </node>
            <node id="ID26" name="instance_6">
                <matrix>1 4.943901e-29 -1.262177e-29 74.86138 -2.101502e-29 0.1736482 -0.9848078 33.26028 -4.649617e-29 0.9848078 0.1736482 22.74592 0 0 0 1</matrix>
                <instance_node url="#ID6" />
            </node>
            <node id="ID27" name="instance_7">
                <matrix>1 4.428101e-29 -1.577722e-28 36.43831 -1.630646e-28 0.1736482 -0.9848078 33.26028 -1.621143e-29 0.9848078 0.1736482 22.74592 0 0 0 1</matrix>
                <instance_node url="#ID6" />
            </node>
            <node id="ID28" name="instance_8">
                <matrix>-7.927885e-17 -0.9232102 0.3842953 10.4707 1 -9.968653e-17 -3.318482e-17 11.8286 6.894563e-17 0.3842953 0.9232102 26.24277 0 0 0 1</matrix>
                <instance_node url="#ID6" />
            </node>
            <node id="ID29" name="instance_9">
                <matrix>-5.960076e-16 -0.9396926 -0.3420201 6.327743 1 -5.370243e-16 -2.671474e-16 15.67091 6.736331e-17 -0.3420201 0.9396926 26.87881 0 0 0 1</matrix>
                <instance_node url="#ID6" />
            </node>
            <node id="ID30" name="instance_10">
                <matrix>-5.960076e-16 -0.9396926 -0.3420201 6.327743 1 -5.370243e-16 -2.671474e-16 31.04014 6.736331e-17 -0.3420201 0.9396926 26.87881 0 0 0 1</matrix>
                <instance_node url="#ID6" />
            </node>
            <node id="ID31" name="instance_11">
                <matrix>-5.960076e-16 -0.9396926 -0.3420201 6.327743 1 -5.370243e-16 -2.671474e-16 23.35553 6.736331e-17 -0.3420201 0.9396926 26.87881 0 0 0 1</matrix>
                <instance_node url="#ID6" />
            </node>
            <node id="ID32" name="instance_12">
                <matrix>-5.960076e-16 -0.9396926 -0.3420201 6.327743 1 -5.370243e-16 -2.671474e-16 7.986296 6.736331e-17 -0.3420201 0.9396926 27.07566 0 0 0 1</matrix>
                <instance_node url="#ID6" />
            </node>
            <node id="ID33" name="instance_13">
                <matrix>7.922019e-16 0.9396926 0.3420201 98.46844 -1 7.243428e-16 3.26128e-16 16.85201 5.872026e-17 -0.3420201 0.9396926 26.87881 0 0 0 1</matrix>
                <instance_node url="#ID6" />
            </node>
            <node id="ID34" name="instance_14">
                <matrix>7.922019e-16 0.9396926 0.3420201 98.46844 -1 7.243428e-16 3.26128e-16 24.53663 5.872026e-17 -0.3420201 0.9396926 26.87881 0 0 0 1</matrix>
                <instance_node url="#ID6" />
            </node>
            <node id="ID35" name="instance_15">
                <matrix>7.922019e-16 0.9396926 0.3420201 98.66529 -1 7.243428e-16 3.26128e-16 9.167398 5.872026e-17 -0.3420201 0.9396926 27.07566 0 0 0 1</matrix>
                <instance_node url="#ID6" />
            </node>
            <node id="ID36" name="instance_16">
                <matrix>1 2.055103e-28 5.364254e-29 67.17677 -2.114633e-28 0.9396926 0.3420201 39.27577 1.988116e-29 -0.3420201 0.9396926 26.40473 0 0 0 1</matrix>
                <instance_node url="#ID6" />
            </node>
            <node id="ID37" name="instance_17">
                <matrix>1 2.055103e-28 5.364254e-29 82.546 -2.114633e-28 0.9396926 0.3420201 39.27577 1.988116e-29 -0.3420201 0.9396926 26.40473 0 0 0 1</matrix>
                <instance_node url="#ID6" />
            </node>
            <node id="ID38" name="instance_18">
                <matrix>1 1.771827e-28 3.786532e-29 90.23061 -1.79448e-28 0.9396926 0.3420201 39.27577 2.501828e-29 -0.3420201 0.9396926 26.40473 0 0 0 1</matrix>
                <instance_node url="#ID6" />
            </node>
            <node id="ID39" name="instance_19">
                <matrix>1 1.813235e-28 0 63.33446 -1.75145e-28 0.9659258 -0.258819 35.04213 -4.692997e-29 0.258819 0.9659258 26.29384 0 0 0 1</matrix>
                <instance_node url="#ID6" />
            </node>
            <node id="ID40" name="instance_20">
                <matrix>1 1.813235e-28 0 32.596 -1.75145e-28 0.9659258 -0.258819 35.04213 -4.692997e-29 0.258819 0.9659258 26.29384 0 0 0 1</matrix>
                <instance_node url="#ID6" />
            </node>
            <node id="ID41" name="instance_21">
                <matrix>1 1.813235e-28 0 78.70369 -1.75145e-28 0.9659258 -0.258819 35.04213 -4.692997e-29 0.258819 0.9659258 26.29384 0 0 0 1</matrix>
                <instance_node url="#ID6" />
            </node>
            <node id="ID42" name="instance_22">
                <matrix>1 1.668101e-28 -3.155444e-30 86.38831 -1.619429e-28 0.9659258 -0.258819 35.04213 -4.012571e-29 0.258819 0.9659258 26.29384 0 0 0 1</matrix>
                <instance_node url="#ID6" />
            </node>
            <node id="ID43" name="instance_23">
                <matrix>1 1.813235e-28 0 40.28062 -1.75145e-28 0.9659258 -0.258819 35.04213 -4.692997e-29 0.258819 0.9659258 26.29384 0 0 0 1</matrix>
                <instance_node url="#ID6" />
            </node>
            <node id="ID44" name="instance_24">
                <matrix>0.6453033 -0.7550018 0.03932033 9.999831 -0.76342 -0.6394422 0.001090806 28.44614 -0.02781382 0.03443683 0.8823236 26.9311 0 0 0 1</matrix>
                <instance_node url="#ID45" />
            </node>
            <node id="ID54" name="instance_25">
                <matrix>0.6453033 -0.7550018 0.03932033 9.989348 -0.76342 -0.6394422 0.001090806 20.76631 -0.02781382 0.03443683 0.8823236 26.92392 0 0 0 1</matrix>
                <instance_node url="#ID45" />
            </node>
            <node id="ID55" name="instance_26">
                <matrix>0.6453033 -0.7550018 0.03932033 9.995042 0.76342 0.6394422 -0.001090806 11.75543 -0.02781382 0.03443683 0.8823236 26.92776 0 0 0 1</matrix>
                <instance_node url="#ID56" />
            </node>
            <node id="ID65" name="instance_27">
                <matrix>0.6453033 -0.7550018 0.03932033 9.994589 -0.76342 -0.6394422 0.001090806 13.0793 -0.02781382 0.03443683 0.8823236 26.92751 0 0 0 1</matrix>
                <instance_node url="#ID45" />
            </node>
            <node id="ID66" name="instance_28">
                <matrix>0.6453033 -0.7550018 0.03932033 10.00028 0.76342 0.6394422 -0.001090806 27.12706 -0.02781382 0.03443683 0.8823236 26.93135 0 0 0 1</matrix>
                <instance_node url="#ID56" />
            </node>
            <node id="ID67" name="instance_29">
                <matrix>1 1.529416e-28 0 52.20124 -1.51594e-28 0.9911889 0.132456 38.5073 2.025802e-29 -0.132456 0.9911889 16.47406 0 0 0 1</matrix>
                <instance_node url="#ID68" />
            </node>
            <node id="ID77" name="instance_30">
                <matrix>1 1.529416e-28 0 44.51662 -1.51594e-28 0.9911889 0.132456 38.5073 2.025802e-29 -0.132456 0.9911889 16.47406 0 0 0 1</matrix>
                <instance_node url="#ID68" />
            </node>
            <node id="ID78" name="instance_31">
                <matrix>0.1353238 -0.002581207 -1.020522 92.17676 -0.8508933 -0.5126238 -0.1183265 16.64964 -0.5076102 0.8586094 -0.07371356 10.37023 0 0 0 1</matrix>
                <instance_node url="#ID79" />
            </node>
            <node id="ID88" name="instance_32">
                <matrix>0.1984981 0.002491372 -0.9800981 92.13274 -0.8414095 0.5132578 -0.169105 12.67993 0.5026216 0.8582309 0.103977 16.41724 0 0 0 1</matrix>
                <instance_node url="#ID79" />
            </node>
            <node id="ID89" name="instance_33">
                <matrix>0.1353238 -0.002581207 -1.020522 92.17732 0.8508933 0.5126238 0.1183265 8.182847 -0.5076102 0.8586094 -0.07371356 10.37377 0 0 0 1</matrix>
                <instance_node url="#ID90" />
            </node>
            <node id="ID99" name="instance_34">
                <matrix>0.1984981 0.002491372 -0.9800981 92.13182 -0.8414095 0.5132578 -0.169105 20.3761 0.5026216 0.8582309 0.103977 16.41379 0 0 0 1</matrix>
                <instance_node url="#ID79" />
            </node>
            <node id="ID100" name="instance_35">
                <matrix>0.1353238 -0.002581207 -1.020522 92.17676 -0.8508933 -0.5126238 -0.1183265 24.33425 -0.5076102 0.8586094 -0.07371356 10.37023 0 0 0 1</matrix>
                <instance_node url="#ID79" />
            </node>
            <node id="ID101" name="instance_36">
                <matrix>0.1353238 -0.002581207 -1.020522 92.17732 0.8508933 0.5126238 0.1183265 23.55208 -0.5076102 0.8586094 -0.07371356 10.37377 0 0 0 1</matrix>
                <instance_node url="#ID90" />
            </node>
            <node id="ID102" name="instance_37">
                <matrix>0.1353238 -0.002581207 -1.020522 92.17732 0.8508933 0.5126238 0.1183265 15.86746 -0.5076102 0.8586094 -0.07371356 10.37377 0 0 0 1</matrix>
                <instance_node url="#ID90" />
            </node>
            <node id="ID103" name="instance_38">
                <matrix>0.04208396 -0.002710126 0.9991104 12.57065 -0.8584531 -0.5117121 0.03477123 12.80913 -0.5111627 0.8591527 0.02386139 16.80878 0 0 0 1</matrix>
                <instance_node url="#ID90" />
            </node>
            <node id="ID104" name="instance_39">
                <matrix>-0.04208396 0.002710126 -0.9991104 92.22556 -0.8584531 -0.5117121 0.03477123 12.80913 -0.5111627 0.8591527 0.02386139 16.80878 0 0 0 1</matrix>
                <instance_node url="#ID79" />
            </node>
            <node id="ID105" name="instance_40">
                <matrix>1.5 3.851086e-16 -6.245005e-17 52.88569 2.567391e-16 -1 5.605194e-45 29.04615 -4.163336e-17 -1.068891e-32 -1 12.43453 0 0 0 1</matrix>
                <instance_node url="#ID106" />
            </node>
            <node id="ID131" name="instance_41">
                <matrix>0.5494531 -0.8083324 0.2114239 14.57116 0.4247612 0.4881428 0.7624267 26.35858 -0.7194992 -0.3291131 0.6115598 18.07319 0 0 0 1</matrix>
                <instance_node url="#ID132" />
            </node>
            <node id="ID141" name="instance_42">
                <matrix>-0.7071068 -0.5344407 0.4630045 15.65894 -0.7071068 0.5344407 -0.4630045 30.22515 1.387779e-16 0.6547872 0.7558133 20.36741 0 0 0 1</matrix>
                <instance_node url="#ID142" />
            </node>
            <node id="ID151" name="instance_43">
                <matrix>0.4713324 -0.4770052 0.7121568 12.80285 -0.7604099 -0.6458925 0.06510826 32.29166 -0.4467915 0.5960612 0.6404635 23.26127 0 0 0 1</matrix>
                <instance_node url="#ID152" />
            </node>
            <node id="ID161" name="instance_44">
                <matrix>-0.7143261 -0.5949856 0.3684159 6.076027 -0.6951091 0.6641791 -0.2751173 38.84056 0.08100328 0.4526127 0.8880204 16.23695 0 0 0 1</matrix>
                <instance_node url="#ID162" />
            </node>
            <node id="ID171" name="instance_45">
                <matrix>1 0 0 5.588387 0 1 0 23.94608 0 0 1 10.26917 0 0 0 1</matrix>
                <instance_node url="#ID172" />
            </node>
            <node id="ID181" name="instance_46">
                <matrix>0.6468016 -0.7473827 -0.01007002 9.993934 -0.760345 -0.6331636 0.05471515 36.12885 0.0593554 0.03345206 0.8106372 26.86984 0 0 0 1</matrix>
                <instance_node url="#ID45" />
            </node>
            <node id="ID182" name="instance_47">
                <matrix>0.4410073 -0.8631371 0.2361422 14.75911 0.5512814 0.4767879 0.6572756 26.33608 0.7082382 0.166336 -0.6586544 16.67484 0 0 0 1</matrix>
                <instance_node url="#ID183" />
            </node>
            <node id="ID192" name="instance_48">
                <matrix>-0.414858 -0.4873899 -0.7683384 19.20627 -0.6670522 0.7372175 -0.1074793 30.54851 -0.6188168 -0.4679331 0.6309551 18.00199 0 0 0 1</matrix>
                <instance_node url="#ID183" />
            </node>
            <node id="ID193" name="instance_49">
                <matrix>0.8414095 -0.5132578 0.169105 79.03347 0.2497136 0.09176809 -0.9639615 31.85806 0.4792423 0.8533142 0.205382 16.73788 0 0 0 1</matrix>
                <instance_node url="#ID79" />
            </node>
            <node id="ID194" name="instance_50">
                <matrix>1 2.055103e-28 5.364254e-29 21.06908 -2.114633e-28 0.9396926 0.3420201 39.27577 1.988116e-29 -0.3420201 0.9396926 26.40473 0 0 0 1</matrix>
                <instance_node url="#ID6" />
            </node>
            <node id="ID195" name="instance_51">
                <matrix>1 1.771827e-28 3.786532e-29 28.75369 -1.79448e-28 0.9396926 0.3420201 39.27577 2.501828e-29 -0.3420201 0.9396926 26.40473 0 0 0 1</matrix>
                <instance_node url="#ID6" />
            </node>
            <node id="ID196" name="instance_52">
                <matrix>1 1.771827e-28 3.786532e-29 51.80754 -1.79448e-28 0.9396926 0.3420201 39.27577 2.501828e-29 -0.3420201 0.9396926 26.40473 0 0 0 1</matrix>
                <instance_node url="#ID6" />
            </node>
            <node id="ID197" name="instance_53">
                <matrix>1 2.055103e-28 5.364254e-29 36.43831 -2.114633e-28 0.9396926 0.3420201 39.27577 1.988116e-29 -0.3420201 0.9396926 26.40473 0 0 0 1</matrix>
                <instance_node url="#ID6" />
            </node>
            <node id="ID198" name="instance_54">
                <matrix>1 2.055103e-28 5.364254e-29 44.12292 -2.114633e-28 0.9396926 0.3420201 39.27577 1.988116e-29 -0.3420201 0.9396926 26.40473 0 0 0 1</matrix>
                <instance_node url="#ID6" />
            </node>
            <node id="ID199" name="instance_55">
                <matrix>1 2.055103e-28 5.364254e-29 59.49215 -2.114633e-28 0.9396926 0.3420201 39.27577 1.988116e-29 -0.3420201 0.9396926 26.40473 0 0 0 1</matrix>
                <instance_node url="#ID6" />
            </node>
            <node id="ID200" name="instance_56">
                <matrix>1 1.771827e-28 3.786532e-29 74.86138 -1.79448e-28 0.9396926 0.3420201 39.27577 2.501828e-29 -0.3420201 0.9396926 26.40473 0 0 0 1</matrix>
                <instance_node url="#ID6" />
            </node>
            <node id="ID201" name="instance_57">
                <matrix>0.8414095 -0.5132578 0.169105 86.7123 0.2497136 0.09176809 -0.9639615 31.85806 0.4792423 0.8533142 0.205382 16.73788 0 0 0 1</matrix>
                <instance_node url="#ID79" />
            </node>
            <node id="ID202" name="instance_58">
                <matrix>-0.8508933 -0.5126238 -0.1183265 68.16132 0.08177776 0.08676243 -1.022653 31.27364 -0.5189345 0.8542184 0.03286147 10.72258 0 0 0 1</matrix>
                <instance_node url="#ID90" />
            </node>
            <node id="ID203" name="instance_59">
                <matrix>-0.8508933 -0.5126238 -0.1183265 37.41995 0.08177776 0.08676243 -1.022653 31.27317 -0.5189345 0.8542184 0.03286147 10.72085 0 0 0 1</matrix>
                <instance_node url="#ID90" />
            </node>
            <node id="ID204" name="instance_60">
                <matrix>0.8414095 -0.5132578 0.169105 63.65846 0.2497136 0.09176809 -0.9639615 31.85806 0.4792423 0.8533142 0.205382 16.73788 0 0 0 1</matrix>
                <instance_node url="#ID79" />
            </node>
            <node id="ID205" name="instance_61">
                <matrix>2.103732e-13 -0.9945704 0.1040662 15.35834 1 2.115217e-13 7.888609e-31 16.26146 -2.201226e-14 0.1040662 0.9945704 9.979118 0 0 0 1</matrix>
                <instance_node url="#ID206" />
            </node>
            <node id="ID215" name="instance_62">
                <matrix>2.103732e-13 -0.9945704 0.1040662 14.27211 1 2.115217e-13 -1.577722e-30 8.576847 -2.201226e-14 0.1040662 0.9945704 16.53275 0 0 0 1</matrix>
                <instance_node url="#ID216" />
            </node>
            <node id="ID225" name="instance_63">
                <matrix>2.103732e-13 -0.9945704 0.1040662 8.891076 1 2.115217e-13 -1.577722e-30 8.576847 -2.201226e-14 0.1040662 0.9945704 15.10113 0 0 0 1</matrix>
                <instance_node url="#ID226" />
            </node>
            <node id="ID235" name="instance_64">
                <matrix>2.103732e-13 -0.9945704 0.1040662 13.33988 1 2.115217e-13 -1.577722e-30 12.41915 -2.201226e-14 0.1040662 0.9945704 23.06619 0 0 0 1</matrix>
                <instance_node url="#ID236" />
            </node>
            <node id="ID245" name="instance_65">
                <matrix>2.103732e-13 -0.9945704 0.1040662 8.891076 1 2.115217e-13 -1.577722e-30 16.26146 -2.201226e-14 0.1040662 0.9945704 15.10113 0 0 0 1</matrix>
                <instance_node url="#ID226" />
            </node>
            <node id="ID246" name="instance_66">
                <matrix>2.103732e-13 -0.9945704 0.1040662 14.64067 1 2.115217e-13 7.888609e-31 20.10377 -2.201226e-14 0.1040662 0.9945704 10.05421 0 0 0 1</matrix>
                <instance_node url="#ID247" />
            </node>
            <node id="ID256" name="instance_67">
                <matrix>2.103732e-13 -0.9945704 0.1040662 13.33988 1 2.115217e-13 -1.577722e-30 20.10377 -2.201226e-14 0.1040662 0.9945704 23.06619 0 0 0 1</matrix>
                <instance_node url="#ID236" />
            </node>
            <node id="ID257" name="instance_68">
                <matrix>2.103732e-13 -0.9945704 0.1040662 8.891076 1 2.115217e-13 -1.577722e-30 23.94608 -2.201226e-14 0.1040662 0.9945704 15.10113 0 0 0 1</matrix>
                <instance_node url="#ID226" />
            </node>
            <node id="ID258" name="instance_69">
                <matrix>2.103732e-13 -0.9945704 0.1040662 14.64067 1 2.115217e-13 7.888609e-31 12.41915 -2.201226e-14 0.1040662 0.9945704 10.05421 0 0 0 1</matrix>
                <instance_node url="#ID247" />
            </node>
            <node id="ID259" name="instance_70">
                <matrix>2.103732e-13 -0.9945704 0.1040662 15.35834 1 2.115217e-13 7.888609e-31 8.576847 -2.201226e-14 0.1040662 0.9945704 9.979118 0 0 0 1</matrix>
                <instance_node url="#ID206" />
            </node>
            <node id="ID260" name="instance_71">
                <matrix>2.103732e-13 -0.9945704 0.1040662 14.27211 1 2.115217e-13 -1.577722e-30 16.26146 -2.201226e-14 0.1040662 0.9945704 16.53275 0 0 0 1</matrix>
                <instance_node url="#ID216" />
            </node>
            <node id="ID261" name="instance_72">
                <matrix>1 0 0 21.65963 0 1 0 28.50783 0 0 1 10.61517 0 0 0 1</matrix>
                <instance_node url="#ID206" />
            </node>
            <node id="ID262" name="instance_73">
                <matrix>1 0 0 17.81732 0 1 0 29.22941 0 0 1 10.61517 0 0 0 1</matrix>
                <instance_node url="#ID247" />
            </node>
            <node id="ID263" name="instance_74">
                <matrix>1 0 0 21.65963 0 1 0 30.27017 0 0 1 17.02017 0 0 0 1</matrix>
                <instance_node url="#ID216" />
            </node>
            <node id="ID264" name="instance_75">
                <matrix>1 0 0 17.81732 0 1 0 31.87724 0 0 1 23.42113 0 0 0 1</matrix>
                <instance_node url="#ID236" />
            </node>
            <node id="ID265" name="instance_76">
                <matrix>1 0 0 21.65963 0 1 0 35.473 0 0 1 15.03635 0 0 0 1</matrix>
                <instance_node url="#ID226" />
            </node>
            <node id="ID266" name="instance_77">
                <matrix>1 0 0 25.50194 0 1 0 29.22941 0 0 1 10.61517 0 0 0 1</matrix>
                <instance_node url="#ID247" />
            </node>
            <node id="ID267" name="instance_78">
                <matrix>1 0 0 29.34425 0 1 0 28.50783 0 0 1 10.61517 0 0 0 1</matrix>
                <instance_node url="#ID206" />
            </node>
            <node id="ID268" name="instance_79">
                <matrix>1 0 0 29.34425 0 1 0 30.27017 0 0 1 17.02017 0 0 0 1</matrix>
                <instance_node url="#ID216" />
            </node>
            <node id="ID269" name="instance_80">
                <matrix>1 0 0 25.50194 0 1 0 31.87724 0 0 1 23.42113 0 0 0 1</matrix>
                <instance_node url="#ID236" />
            </node>
            <node id="ID270" name="instance_81">
                <matrix>1 0 0 29.34425 0 1 0 35.473 0 0 1 15.03635 0 0 0 1</matrix>
                <instance_node url="#ID226" />
            </node>
            <node id="ID271" name="instance_82">
                <matrix>1 0 0 37.02886 0 1 0 30.27017 0 0 1 17.02017 0 0 0 1</matrix>
                <instance_node url="#ID216" />
            </node>
            <node id="ID272" name="instance_83">
                <matrix>1 0 0 33.18655 0 1 0 31.87724 0 0 1 23.42113 0 0 0 1</matrix>
                <instance_node url="#ID236" />
            </node>
            <node id="ID273" name="instance_84">
                <matrix>1 0 0 37.02886 0 1 0 35.473 0 0 1 15.03635 0 0 0 1</matrix>
                <instance_node url="#ID226" />
            </node>
            <node id="ID274" name="instance_85">
                <matrix>1 0 0 37.02886 0 1 0 28.50783 0 0 1 10.61517 0 0 0 1</matrix>
                <instance_node url="#ID206" />
            </node>
            <node id="ID275" name="instance_86">
                <matrix>1 0 0 33.18655 0 1 0 29.22941 0 0 1 10.61517 0 0 0 1</matrix>
                <instance_node url="#ID247" />
            </node>
            <node id="ID276" name="instance_87">
                <matrix>1 0 0 40.87117 0 1 0 31.87724 0 0 1 23.42113 0 0 0 1</matrix>
                <instance_node url="#ID236" />
            </node>
            <node id="ID277" name="instance_88">
                <matrix>1 0 0 44.71348 0 1 0 35.473 0 0 1 15.03635 0 0 0 1</matrix>
                <instance_node url="#ID226" />
            </node>
            <node id="ID278" name="instance_89">
                <matrix>1 0 0 44.71348 0 1 0 28.50783 0 0 1 10.61517 0 0 0 1</matrix>
                <instance_node url="#ID206" />
            </node>
            <node id="ID279" name="instance_90">
                <matrix>1 0 0 40.87117 0 1 0 29.22941 0 0 1 10.61517 0 0 0 1</matrix>
                <instance_node url="#ID247" />
            </node>
            <node id="ID280" name="instance_91">
                <matrix>1 0 0 44.71348 0 1 0 30.27017 0 0 1 17.02017 0 0 0 1</matrix>
                <instance_node url="#ID216" />
            </node>
            <node id="ID281" name="instance_92">
                <matrix>1 0 0 52.39809 0 1 0 28.50783 0 0 1 10.61517 0 0 0 1</matrix>
                <instance_node url="#ID206" />
            </node>
            <node id="ID282" name="instance_93">
                <matrix>1 0 0 48.55578 0 1 0 29.22941 0 0 1 10.61517 0 0 0 1</matrix>
                <instance_node url="#ID247" />
            </node>
            <node id="ID283" name="instance_94">
                <matrix>1 0 0 52.39809 0 1 0 30.27017 0 0 1 17.02017 0 0 0 1</matrix>
                <instance_node url="#ID216" />
            </node>
            <node id="ID284" name="instance_95">
                <matrix>1 0 0 48.55578 0 1 0 31.87724 0 0 1 23.42113 0 0 0 1</matrix>
                <instance_node url="#ID236" />
            </node>
            <node id="ID285" name="instance_96">
                <matrix>1 0 0 52.39809 0 1 0 35.473 0 0 1 15.03635 0 0 0 1</matrix>
                <instance_node url="#ID226" />
            </node>
            <node id="ID286" name="instance_97">
                <matrix>1 0 0 60.0827 0 1 0 28.50783 0 0 1 10.61517 0 0 0 1</matrix>
                <instance_node url="#ID206" />
            </node>
            <node id="ID287" name="instance_98">
                <matrix>1 0 0 56.2404 0 1 0 29.22941 0 0 1 10.61517 0 0 0 1</matrix>
                <instance_node url="#ID247" />
            </node>
            <node id="ID288" name="instance_99">
                <matrix>1 0 0 60.0827 0 1 0 30.27017 0 0 1 17.02017 0 0 0 1</matrix>
                <instance_node url="#ID216" />
            </node>
            <node id="ID289" name="instance_100">
                <matrix>1 0 0 56.2404 0 1 0 31.87724 0 0 1 23.42113 0 0 0 1</matrix>
                <instance_node url="#ID236" />
            </node>
            <node id="ID290" name="instance_101">
                <matrix>1 0 0 60.0827 0 1 0 35.473 0 0 1 15.03635 0 0 0 1</matrix>
                <instance_node url="#ID226" />
            </node>
            <node id="ID291" name="instance_102">
                <matrix>1 0 0 67.76732 0 1 0 28.50783 0 0 1 10.61517 0 0 0 1</matrix>
                <instance_node url="#ID206" />
            </node>
            <node id="ID292" name="instance_103">
                <matrix>1 0 0 63.92501 0 1 0 29.22941 0 0 1 10.61517 0 0 0 1</matrix>
                <instance_node url="#ID247" />
            </node>
            <node id="ID293" name="instance_104">
                <matrix>1 0 0 67.76732 0 1 0 30.27017 0 0 1 17.02017 0 0 0 1</matrix>
                <instance_node url="#ID216" />
            </node>
            <node id="ID294" name="instance_105">
                <matrix>1 0 0 63.92501 0 1 0 31.87724 0 0 1 23.42113 0 0 0 1</matrix>
                <instance_node url="#ID236" />
            </node>
            <node id="ID295" name="instance_106">
                <matrix>1 0 0 67.76732 0 1 0 35.473 0 0 1 15.03635 0 0 0 1</matrix>
                <instance_node url="#ID226" />
            </node>
            <node id="ID296" name="instance_107">
                <matrix>1 0 0 75.45193 0 1 0 35.473 0 0 1 15.03635 0 0 0 1</matrix>
                <instance_node url="#ID226" />
            </node>
            <node id="ID297" name="instance_108">
                <matrix>1 0 0 75.45193 0 1 0 28.50783 0 0 1 10.61517 0 0 0 1</matrix>
                <instance_node url="#ID206" />
            </node>
            <node id="ID298" name="instance_109">
                <matrix>1 0 0 71.60963 0 1 0 29.22941 0 0 1 10.61517 0 0 0 1</matrix>
                <instance_node url="#ID247" />
            </node>
            <node id="ID299" name="instance_110">
                <matrix>1 0 0 75.45193 0 1 0 30.27017 0 0 1 17.02017 0 0 0 1</matrix>
                <instance_node url="#ID216" />
            </node>
            <node id="ID300" name="instance_111">
                <matrix>1 0 0 71.60963 0 1 0 31.87724 0 0 1 23.42113 0 0 0 1</matrix>
                <instance_node url="#ID236" />
            </node>
            <node id="ID301" name="instance_112">
                <matrix>1 0 0 79.29424 0 1 0 29.22941 0 0 1 10.61517 0 0 0 1</matrix>
                <instance_node url="#ID247" />
            </node>
            <node id="ID302" name="instance_113">
                <matrix>1 0 0 83.13655 0 1 0 35.473 0 0 1 15.03635 0 0 0 1</matrix>
                <instance_node url="#ID226" />
            </node>
            <node id="ID303" name="instance_114">
                <matrix>1 0 0 79.29424 0 1 0 31.87724 0 0 1 23.42113 0 0 0 1</matrix>
                <instance_node url="#ID236" />
            </node>
            <node id="ID304" name="instance_115">
                <matrix>-2.102624e-13 0.9945704 -0.1040662 95.9051 -1 -2.114109e-13 -5.20417e-18 31.63069 -2.20059e-14 0.1040662 0.9945704 15.10113 0 0 0 1</matrix>
                <instance_node url="#ID226" />
            </node>
            <node id="ID305" name="instance_116">
                <matrix>-2.102624e-13 0.9945704 -0.1040662 95.9051 -1 -2.114109e-13 -5.20417e-18 23.94608 -2.20059e-14 0.1040662 0.9945704 15.10113 0 0 0 1</matrix>
                <instance_node url="#ID226" />
            </node>
            <node id="ID306" name="instance_117">
                <matrix>-2.102624e-13 0.9945704 -0.1040662 91.4563 -1 -2.114109e-13 -5.20417e-18 27.78838 -2.20059e-14 0.1040662 0.9945704 23.06619 0 0 0 1</matrix>
                <instance_node url="#ID236" />
            </node>
            <node id="ID307" name="instance_118">
                <matrix>-2.102624e-13 0.9945704 -0.1040662 90.15551 -1 -2.114109e-13 -5.20417e-18 20.10377 -2.20059e-14 0.1040662 0.9945704 10.05421 0 0 0 1</matrix>
                <instance_node url="#ID247" />
            </node>
            <node id="ID308" name="instance_119">
                <matrix>-2.102624e-13 0.9945704 -0.1040662 91.4563 -1 -2.114109e-13 -5.20417e-18 20.10377 -2.20059e-14 0.1040662 0.9945704 23.06619 0 0 0 1</matrix>
                <instance_node url="#ID236" />
            </node>
            <node id="ID309" name="instance_120">
                <matrix>-2.102624e-13 0.9945704 -0.1040662 90.52407 -1 -2.114109e-13 -5.20417e-18 16.26146 -2.20059e-14 0.1040662 0.9945704 16.53275 0 0 0 1</matrix>
                <instance_node url="#ID216" />
            </node>
            <node id="ID310" name="instance_121">
                <matrix>-2.102624e-13 0.9945704 -0.1040662 95.9051 -1 -2.114109e-13 -5.20417e-18 16.26146 -2.20059e-14 0.1040662 0.9945704 15.10113 0 0 0 1</matrix>
                <instance_node url="#ID226" />
            </node>
            <node id="ID311" name="instance_122">
                <matrix>-2.102624e-13 0.9945704 -0.1040662 90.15551 -1 -2.114109e-13 -5.20417e-18 27.78838 -2.20059e-14 0.1040662 0.9945704 10.05421 0 0 0 1</matrix>
                <instance_node url="#ID247" />
            </node>
            <node id="ID312" name="instance_123">
                <matrix>-2.102624e-13 0.9945704 -0.1040662 89.43784 -1 -2.114109e-13 -5.20417e-18 16.26146 -2.20059e-14 0.1040662 0.9945704 9.979118 0 0 0 1</matrix>
                <instance_node url="#ID206" />
            </node>
            <node id="ID313" name="instance_124">
                <matrix>-2.102624e-13 0.9945704 -0.1040662 90.52407 -1 -2.114109e-13 -5.20417e-18 23.94608 -2.20059e-14 0.1040662 0.9945704 16.53275 0 0 0 1</matrix>
                <instance_node url="#ID216" />
            </node>
            <node id="ID314" name="instance_125">
                <matrix>-2.102624e-13 0.9945704 -0.1040662 89.43784 -1 -2.114109e-13 -5.20417e-18 23.94608 -2.20059e-14 0.1040662 0.9945704 9.979118 0 0 0 1</matrix>
                <instance_node url="#ID206" />
            </node>
            <node id="ID315" name="instance_126">
                <matrix>-1 6.310887e-30 0 104.1271 6.310887e-30 1 0 2.277634 0 -0 1 1.343841 0 0 0 1</matrix>
                <instance_node url="#ID316" />
            </node>
            <node id="ID325" name="instance_127">
                <matrix>1 0 0 13.97502 0 1 0 35.473 0 0 1 15.03635 0 0 0 1</matrix>
                <instance_node url="#ID226" />
            </node>
            <node id="ID326" name="instance_128">
                <matrix>1 0 0 9.977539 0 1 0 1.652289 0 0 1 7.874016 0 0 0 1</matrix>
                <instance_node url="#ID327" />
            </node>
            <node id="ID336" name="instance_129">
                <matrix>-1 1.893266e-29 0 33.50122 1.893266e-29 1 0 1.652289 0 -0 1 1.585718e-07 0 0 0 1</matrix>
                <instance_node url="#ID337" />
            </node>
            <node id="ID346" name="instance_130">
                <matrix>-1 1.893266e-29 0 42.95004 1.893266e-29 1 0 1.652289 0 -0 1 1.585718e-07 0 0 0 1</matrix>
                <instance_node url="#ID337" />
            </node>
            <node id="ID347" name="instance_131">
                <matrix>1 0 0 42.9485 0 1 0 1.652289 0 0 1 1.585718e-07 0 0 0 1</matrix>
                <instance_node url="#ID348" />
            </node>
            <node id="ID357" name="instance_132">
                <matrix>1 0 0 52.39732 0 1 0 1.652289 0 0 1 1.585718e-07 0 0 0 1</matrix>
                <instance_node url="#ID348" />
            </node>
            <node id="ID358" name="instance_133">
                <matrix>-1 1.893266e-29 0 71.2965 1.893266e-29 1 0 1.652289 0 -0 1 1.585718e-07 0 0 0 1</matrix>
                <instance_node url="#ID337" />
            </node>
            <node id="ID359" name="instance_134">
                <matrix>1 0 0 71.29496 0 1 0 1.652289 0 0 1 1.585718e-07 0 0 0 1</matrix>
                <instance_node url="#ID348" />
            </node>
            <node id="ID360" name="instance_135">
                <matrix>-1 1.893266e-29 0 90.19414 1.893266e-29 1 0 1.652289 0 -0 1 1.585718e-07 0 0 0 1</matrix>
                <instance_node url="#ID337" />
            </node>
            <node id="ID361" name="instance_136">
                <matrix>1 0 0 14.60204 0 1 0 1.652289 0 0 1 1.585718e-07 0 0 0 1</matrix>
                <instance_node url="#ID348" />
            </node>
            <node id="ID362" name="instance_137">
                <matrix>1 0 0 9.977539 0 1 0 1.652289 0 0 1 1.585718e-07 0 0 0 1</matrix>
                <instance_node url="#ID363" />
            </node>
            <node id="ID372" name="instance_138">
                <matrix>-1 1.893266e-29 0 94.81864 1.893266e-29 1 0 1.652289 0 -0 1 1.585718e-07 0 0 0 1</matrix>
                <instance_node url="#ID373" />
            </node>
            <node id="ID382" name="instance_139">
                <matrix>1 0 0 14.40519 0 1 0 1.471039 0 0 1 -0.1639393 0 0 0 1</matrix>
                <instance_node url="#ID383" />
            </node>
            <node id="ID392" name="instance_140">
                <matrix>1 0 0 23.85401 0 1 0 1.471039 0 0 1 -0.1639393 0 0 0 1</matrix>
                <instance_node url="#ID383" />
            </node>
            <node id="ID393" name="instance_141">
                <matrix>1 0 0 33.30283 0 1 0 1.471039 0 0 1 -0.1639393 0 0 0 1</matrix>
                <instance_node url="#ID383" />
            </node>
            <node id="ID394" name="instance_142">
                <matrix>1 0 0 42.75165 0 1 0 1.471039 0 0 1 -0.1639393 0 0 0 1</matrix>
                <instance_node url="#ID383" />
            </node>
            <node id="ID395" name="instance_143">
                <matrix>1 0 0 52.20047 0 1 0 1.471039 0 0 1 -0.1639393 0 0 0 1</matrix>
                <instance_node url="#ID383" />
            </node>
            <node id="ID396" name="instance_144">
                <matrix>1 0 0 61.64929 0 1 0 1.471039 0 0 1 -0.1639393 0 0 0 1</matrix>
                <instance_node url="#ID383" />
            </node>
            <node id="ID397" name="instance_145">
                <matrix>1 0 0 71.09811 0 1 0 1.471039 0 0 1 -0.1639393 0 0 0 1</matrix>
                <instance_node url="#ID383" />
            </node>
            <node id="ID398" name="instance_146">
                <matrix>1 0 0 80.54693 0 1 0 1.471039 0 0 1 -0.1639393 0 0 0 1</matrix>
                <instance_node url="#ID383" />
            </node>
            <node id="ID399" name="instance_147">
                <matrix>1 0 0 89.99574 0 1 0 1.471039 0 0 1 -0.1639393 0 0 0 1</matrix>
                <instance_node url="#ID383" />
            </node>
            <node id="ID400" name="instance_148">
                <matrix>0.8584531 0.5117121 -0.03477123 40.487 -0.09503688 0.09208157 -0.9912058 31.99004 -0.5040102 0.8542082 0.1276792 17.11428 0 0 0 1</matrix>
                <instance_node url="#ID79" />
            </node>
            <node id="ID401" name="instance_149">
                <matrix>0.8584531 0.5117121 -0.03477123 48.16581 -0.09503688 0.09208157 -0.9912058 31.99111 -0.5040102 0.8542082 0.1276792 17.11765 0 0 0 1</matrix>
                <instance_node url="#ID79" />
            </node>
            <node id="ID402" name="instance_150">
                <matrix>0.8584531 0.5117121 -0.03477123 55.85042 -0.09503688 0.09208157 -0.9912058 31.99111 -0.5040102 0.8542082 0.1276792 17.11765 0 0 0 1</matrix>
                <instance_node url="#ID79" />
            </node>
            <node id="ID403" name="instance_151">
                <matrix>0.8584531 0.5117121 -0.03477123 63.53504 -0.09503688 0.09208157 -0.9912058 31.99111 -0.5040102 0.8542082 0.1276792 17.11765 0 0 0 1</matrix>
                <instance_node url="#ID79" />
            </node>
            <node id="ID404" name="instance_152">
                <matrix>1 3.536886e-29 -2.145702e-28 63.33446 -2.168363e-28 0.08715574 -0.9961947 32.43135 -1.653325e-29 0.9961947 0.08715574 16.38488 0 0 0 1</matrix>
                <instance_node url="#ID6" />
            </node>
            <node id="ID405" name="instance_153">
